procs -----------memory---------- ---swap-- -----io---- -system-- ------cpu----- -----timestamp-----
 r  b   swpd   free   buff  cache   si   so    bi    bo   in   cs us sy id wa st                 EDT
 3  0      0 1401160 101704 403824    0    0   222    26   79   90  3  1 92  4  0 2016-07-18 22:27:19
 1  0      0 1395008 101704 404184    0    0     0     0 1048 2072  1  5 94  0  0 2016-07-18 22:27:20
 8  0      0 1387204 101704 404212    0    0     0     0 1090  647 98  1  1  0  0 2016-07-18 22:27:21
 8  0      0 1387080 101716 404216    0    0     0   164 1026  569 100  0  0  0  0 2016-07-18 22:27:22
 8  0      0 1386940 101716 404232    0    0     0     0 1008  534 100  0  0  0  0 2016-07-18 22:27:23
 8  0      0 1386784 101716 404236    0    0     0     0 1011  528 100  0  0  0  0 2016-07-18 22:27:24
 8  0      0 1386620 101716 404244    0    0     0     0 1006  519 100  0  0  0  0 2016-07-18 22:27:25
 8  0      0 1387288 101716 404244    0    0     0     4 1126  651 98  1  1  0  0 2016-07-18 22:27:26
 8  0      0 1387180 101724 404244    0    0     0    24 1013  553 100  0  0  0  0 2016-07-18 22:27:27
 8  0      0 1387032 101724 404244    0    0     0     0  999  552 100  0  0  0  0 2016-07-18 22:27:28
 8  0      0 1386924 101724 404252    0    0     0     0 1006  530 100  0  0  0  0 2016-07-18 22:27:29
 8  0      0 1386792 101724 404260    0    0     0     0 1002  602 100  0  0  0  0 2016-07-18 22:27:30
 0  0      0 1401524 101724 404328    0    0     0  2584  195  284  1  1 97  0  0 2016-07-18 22:27:31
