procs -----------memory---------- ---swap-- -----io---- -system-- ------cpu----- -----timestamp-----
 r  b   swpd   free   buff  cache   si   so    bi    bo   in   cs us sy id wa st                 EDT
 4  1      0 524008 211640 1047260    0    0     2     5   27   43  0  0 99  0  0 2016-09-06 22:45:49
 1  0      0 518660 211640 1047888    0    0    64     0 1182 2281  0  7 93  1  0 2016-09-06 22:45:50
 8  0      0 509840 211640 1047928    0    0     0     0 1102  657 91  4  5  0  0 2016-09-06 22:45:51
 8  0      0 509716 211640 1047928    0    0     0     0 1012  612 100  0  0  0  0 2016-09-06 22:45:52
 8  0      0 509576 211640 1047928    0    0     0     0 1018  609 99  1  0  0  0 2016-09-06 22:45:53
 8  0      0 509512 211648 1047928    0    0     0   196 1026  623 100  0  0  0  0 2016-09-06 22:45:54
 8  0      0 509172 211648 1047928    0    0     0     0 1010  604 99  1  0  0  0 2016-09-06 22:45:55
 8  0      0 509544 211648 1047928    0    0     0     0 1107  726 97  2  1  0  0 2016-09-06 22:45:56
 8  0      0 509360 211648 1047912    0    0     0     0 1021  637 100  0  0  0  0 2016-09-06 22:45:57
 8  0      0 509172 211648 1047912    0    0     0     0 1028  625 100  0  0  0  0 2016-09-06 22:45:58
 9  0      0 509080 211652 1047912    0    0     0    40 1023  642 100  0  0  0  0 2016-09-06 22:45:59
 8  0      0 509236 211652 1047912    0    0     0     0 1032  702 100  0  0  0  0 2016-09-06 22:46:00
 8  0      0 509220 211652 1047912    0    0     0     0 1100  710 98  0  1  0  0 2016-09-06 22:46:01
 8  0      0 509236 211652 1047912    0    0     0     0 1020  664 100  0  0  0  0 2016-09-06 22:46:02
 8  0      0 508972 211652 1047912    0    0     0     0 1029  639 100  0  0  0  0 2016-09-06 22:46:03
 8  0      0 509252 211660 1047912    0    0     0    28 1037  635 99  1  0  0  0 2016-09-06 22:46:04
 8  0      0 509252 211660 1047912    0    0     0     0 1012  636 100  0  0  0  0 2016-09-06 22:46:05
 8  0      0 509280 211660 1047912    0    0     0     0 1142  740 98  1  2  0  0 2016-09-06 22:46:06
 8  0      0 508784 211660 1047912    0    0     0     0 1024  618 100  0  0  0  0 2016-09-06 22:46:07
 8  0      0 508724 211660 1047912    0    0     0     0 1023  633 100  0  0  0  0 2016-09-06 22:46:08
 8  0      0 508848 211668 1047912    0    0     0    28 1013  645 100  0  0  0  0 2016-09-06 22:46:09
10  0      0 508980 211668 1047904    0    0     0     0 1022  678 100  0  0  0  0 2016-09-06 22:46:10
11  0      0 509352 211668 1047904    0    0     0     0 1105  654 98  1  1  0  0 2016-09-06 22:46:11
 8  0      0 508980 211668 1047904    0    0     0     0 1013  623 100  0  0  0  0 2016-09-06 22:46:12
10  0      0 509072 211676 1047896    0    0     0    28 1021  620 100  0  0  0  0 2016-09-06 22:46:13
 8  0      0 509072 211676 1047904    0    0     0     0 1009  573 100  0  0  0  0 2016-09-06 22:46:14
 8  0      0 509104 211676 1047904    0    0     0     0 1021  640 100  0  0  0  0 2016-09-06 22:46:15
 8  0      0 509412 211676 1047904    0    0     0     0 1121  715 98  0  1  0  0 2016-09-06 22:46:16
 8  0      0 509164 211676 1047904    0    0     0     0 1018  640 100  0  0  0  0 2016-09-06 22:46:17
 8  0      0 508980 211676 1047904    0    0     0     0 1028  658 100  0  0  0  0 2016-09-06 22:46:18
 8  0      0 508856 211684 1047904    0    0     0   212 1031  636 100  0  0  0  0 2016-09-06 22:46:19
 8  0      0 508560 211684 1047904    0    0     0     0 1019  687 100  1  0  0  0 2016-09-06 22:46:20
 8  0      0 505592 211684 1047904    0    0     0     0  971  652 85  2 12  0  0 2016-09-06 22:46:21
 8  0      0 505208 211684 1047904    0    0     0     0 1014  617 100  0  0  0  0 2016-09-06 22:46:22
 8  0      0 504976 211684 1047904    0    0     0     0 1020  637 100  1  0  0  0 2016-09-06 22:46:23
 8  0      0 504852 211692 1047904    0    0     0   240 1037  675 100  0  0  0  0 2016-09-06 22:46:24
 8  0      0 504916 211692 1047840    0    0     0     0 1007  625 100  0  0  0  0 2016-09-06 22:46:25
 8  0      0 509224 211692 1047840    0    0     0     0 1135  792 98  0  2  0  0 2016-09-06 22:46:26
 8  0      0 509116 211692 1047844    0    0     0     0 1033  647 100  1  0  0  0 2016-09-06 22:46:27
 8  0      0 508868 211692 1047844    0    0     0     0 1018  661 99  1  0  0  0 2016-09-06 22:46:28
 8  0      0 509008 211700 1047844    0    0     0    48 1023  663 100  0  0  0  0 2016-09-06 22:46:29
 8  0      0 509116 211700 1047844    0    0     0     0 1036  728 100  0  0  0  0 2016-09-06 22:46:30
 0  0      0 523752 211700 1047844    0    0     0     0  561  472 43  1 57  0  0 2016-09-06 22:46:31
