procs -----------memory---------- ---swap-- -----io---- -system-- ------cpu----- -----timestamp-----
 r  b   swpd   free   buff  cache   si   so    bi    bo   in   cs us sy id wa st                 EDT
 4  0      0 523620 211756 1048208    0    0     2     5   28   43  0  0 99  0  0 2016-09-06 22:48:39
 1  0      0 518064 211756 1048520    0    0     0     0 1011 1971  1  5 94  0  0 2016-09-06 22:48:40
 8  0      0 508792 211756 1048536    0    0     0     0 1072  649 97  1  2  0  0 2016-09-06 22:48:41
 8  0      0 508792 211756 1048536    0    0     0     0 1012  636 100  0  0  0  0 2016-09-06 22:48:42
 8  0      0 508536 211756 1048544    0    0     0     0 1027  625 100  0  0  0  0 2016-09-06 22:48:43
 8  0      0 508132 211756 1048544    0    0     0     0 1016  620 100  0  0  0  0 2016-09-06 22:48:44
10  0      0 508412 211768 1048544    0    0     0   108 1020  597 100  0  0  0  0 2016-09-06 22:48:45
 8  0      0 508472 211768 1048552    0    0     0     0 1102  692 98  1  2  0  0 2016-09-06 22:48:46
 8  0      0 508428 211768 1048560    0    0     0     0 1019  635 100  0  0  0  0 2016-09-06 22:48:47
 8  0      0 508304 211768 1048560    0    0     0     0 1015  643 100  0  0  0  0 2016-09-06 22:48:48
 8  0      0 508272 211768 1048560    0    0     0     0 1017  594 99  1  0  0  0 2016-09-06 22:48:49
 8  0      0 508296 211776 1048568    0    0     0    28 1020  666 100  0  0  0  0 2016-09-06 22:48:50
 8  0      0 508604 211776 1048568    0    0     0     0 1125  707 98  1  1  0  0 2016-09-06 22:48:51
 8  0      0 508272 211776 1048576    0    0     0     0 1021  647 100  1  0  0  0 2016-09-06 22:48:52
 8  0      0 508312 211776 1048584    0    0     0     0 1020  640 100  0  0  0  0 2016-09-06 22:48:53
 8  0      0 508304 211776 1048592    0    0     0     0 1019  647 100  0  0  0  0 2016-09-06 22:48:54
 8  0      0 508180 211784 1048596    0    0     0    28 1021  624 99  1  0  0  0 2016-09-06 22:48:55
 8  0      0 508908 211784 1048596    0    0     0     0 1137  737 98  1  1  0  0 2016-09-06 22:48:56
 8  0      0 508488 211784 1048628    0    0     0     0 1018  609 100  0  0  0  0 2016-09-06 22:48:57
 8  0      0 508552 211784 1048628    0    0     0     0 1024  646 100  0  0  0  0 2016-09-06 22:48:58
 8  0      0 508552 211784 1048628    0    0     0     0 1018  639 100  1  0  0  0 2016-09-06 22:48:59
 8  0      0 508212 211788 1048632    0    0     0    28 1017  703 100  0  0  0  0 2016-09-06 22:49:00
 9  0      0 508708 211788 1048632    0    0     0     0 1150  773 98  1  2  0  0 2016-09-06 22:49:01
 8  0      0 508320 211788 1048632    0    0     0     0 1021  677 100  0  0  0  0 2016-09-06 22:49:02
 9  0      0 508296 211788 1048640    0    0     0     0 1021  640 100  0  0  0  0 2016-09-06 22:49:03
 9  0      0 508264 211788 1048640    0    0     0     0 1016  619 100  0  0  0  0 2016-09-06 22:49:04
 9  0      0 508024 211796 1048652    0    0     0    28 1017  568 100  0  0  0  0 2016-09-06 22:49:05
 8  0      0 508620 211796 1048660    0    0     0     0 1103  711 98  1  1  0  0 2016-09-06 22:49:06
 8  0      0 508272 211796 1048668    0    0     0     0 1018  643 100  0  0  0  0 2016-09-06 22:49:07
 8  0      0 508240 211796 1048668    0    0     0     0 1019  633 100  0  0  0  0 2016-09-06 22:49:08
 8  0      0 508132 211796 1048668    0    0     0   168 1028  665 100  0  0  0  0 2016-09-06 22:49:09
 8  0      0 508272 211804 1048636    0    0     0    52 1025  690 100  0  0  0  0 2016-09-06 22:49:10
 8  0      0 508024 211804 1048636    0    0     0     0 1120  747 99  0  1  0  0 2016-09-06 22:49:11
 8  0      0 508056 211804 1048636    0    0     0     0 1018  655 100  1  0  0  0 2016-09-06 22:49:12
 8  0      0 507908 211804 1048644    0    0     0     0 1021  651 100  0  0  0  0 2016-09-06 22:49:13
 8  0      0 507924 211804 1048644    0    0     0    40 1019  621 100  0  0  0  0 2016-09-06 22:49:14
 8  0      0 507800 211808 1048644    0    0     0    44 1003  656 100  0  0  0  0 2016-09-06 22:49:15
 8  0      0 508404 211808 1048644    0    0     0     0 1106  756 99  0  1  0  0 2016-09-06 22:49:16
 8  0      0 508172 211808 1048648    0    0     0     0 1015  613 100  0  0  0  0 2016-09-06 22:49:17
 8  0      0 508172 211808 1048648    0    0     0     0 1017  667 100  0  0  0  0 2016-09-06 22:49:18
 8  0      0 508016 211808 1048652    0    0     0    80 1028  666 100  0  0  0  0 2016-09-06 22:49:19
 8  0      0 507876 211816 1048652    0    0     0    28 1007  704 100  0  0  0  0 2016-09-06 22:49:20
 0  0      0 523180 211816 1048656    0    0     0     0  257  377  4  1 96  0  0 2016-09-06 22:49:21
