procs -----------memory---------- ---swap-- -----io---- -system-- ------cpu----- -----timestamp-----
 r  b   swpd   free   buff  cache   si   so    bi    bo   in   cs us sy id wa st                 EDT
 6  0      0 1257972 107984 402776    0    0     9     1   30   50  0  0 99  0  0 2016-08-25 05:38:32
 2  0      0 1247624 107984 406208    0    0    96     0 1812 4249  5 26 68  1  0 2016-08-25 05:38:33
10  0      0 1243916 107992 404272    0    0     0   296 1140 1164 91  9  0  0  0 2016-08-25 05:38:34
 9  0      0 1243488 107992 404440    0    0     0     0 1069 1099 91  9  0  0  0 2016-08-25 05:38:35
 9  0      0 1243080 107992 405328    0    0     0     0 1063 1112 92  8  0  0  0 2016-08-25 05:38:36
 9  0      0 1242524 107992 405556    0    0     0     0 1067 1118 91 10  0  0  0 2016-08-25 05:38:37
 2  0      0 1252232 107992 404976    0    0     0     0 1094 1173 91 10  0  0  0 2016-08-25 05:38:38
 9  0      0 1242996 108000 405108    0    0     0    32 1153 1244 88 11  1  0  0 2016-08-25 05:38:39
 9  0      0 1242784 108000 405048    0    0     0   304 1097 1102 94  6  0  0  0 2016-08-25 05:38:40
 9  0      0 1242928 108000 405124    0    0     0     0 1093 1089 94  6  0  0  0 2016-08-25 05:38:41
10  0      0 1243136 108000 405036    0    0     0     0 1086 1117 94  7  0  0  0 2016-08-25 05:38:42
 9  0      0 1242408 108000 405308    0    0     0     0 1081 1157 92  9  0  0  0 2016-08-25 05:38:43
 1  0      0 1257504 108008 406412    0    0     0    32 1499 1539  5 22 74  0  0 2016-08-25 05:38:44
